symbol
price
change
volume

MJRWW
130.72759478533843
3.694439794801307
3604

RBFER
138.70935284443215
2.216908526674474
1827

NILRA
191.03471832663206
0.4674588939635804
3809

KLAUL
171.8732962407023
3.3674773238125804
4930

NSDQL
115.53093172800759
2.9539737397625716
3046

IIJCO
132.72824504260913
2.0073130063688
2311

RFGYO
165.16558643307485
4.298006358962731
214

ISUBX
163.00760618033004
0.04753420473903924
2903

JSFNB
162.7964294777765
4.468458672093418
1486

XIIHE
100.1283215847198
2.4659528050212005
1866

KBNBF
165.47518316307583
0.23959575155823087
3834

UMMXP
109.69660529916302
3.1912597734501857
306

TKKVO
144.64943725495849
4.550962454198143
2995

DEFKM
183.563134741773
0.354583080023832
453

DDAUE
167.43485943165342
4.462651203629318
881

CABGJ
182.4185113412454
0.9893499879911921
3399

VQDKF
128.7740419792224
4.040731018215812
3784

WQHNA
189.2156926901894
1.6436503299556149
130

DRBWM
134.7001220983072
0.3527838213440315
4449

OSTGG
188.16655957982945
3.708942762087685
3490
